(spritesheet "Atlases/p1_spritesheet.png"
  (anim :duck ((365 98 69 71)))
  (anim :front ((0 196 66 92)))
  (anim :hurt ((438 0 69 92)))
  (anim :jump ((438 93 67 94)))
  (anim :stand ((67 196 66 92)))
  (anim :walk ((0 0 72 97)
               (73 0 72 97)
               (146 0 72 97)
               (0 98 72 97)
               (73 98 72 97)
               (146 98 72 97)
               (219 0 72 97)
               (292 0 72 97)
               (219 98 72 97)
               (365 0 72 97)
               (292 98 72 97))))

